0 0.2078125 0.5402777777777777 0.05859375 0.16527777777777777
0 0.9015625 0.17222222222222222 0.05625 0.2
0 0.76171875 0.7375 0.059375 0.175
0 0.04140625 0.8166666666666667 0.0484375 0.15694444444444444
0 0.62265625 0.9361111111111111 0.04921875 0.12916666666666668
0 0.1515625 0.4875 0.0375 0.15833333333333333
0 0.4109375 0.49166666666666664 0.0375 0.1625
0 0.77265625 0.3736111111111111 0.03671875 0.1527777777777778
0 0.78359375 0.5208333333333334 0.04140625 0.1597222222222222
0 0.61171875 0.5208333333333334 0.03984375 0.11805555555555555
0 0.38359375 0.2833333333333333 0.0296875 0.13333333333333333
0 0.94921875 0.1986111111111111 0.0328125 0.125
0 0.52578125 0.15694444444444444 0.03046875 0.125
0 0.68125 0.059722222222222225 0.03828125 0.10833333333333334
0 0.7375 0.0625 0.028125 0.125
0 0.1953125 0.06527777777777778 0.034375 0.13055555555555556
0 0.39453125 0.05 0.0390625 0.10138888888888889
0 0.06171875 0.1763888888888889 0.02734375 0.11388888888888889
0 0.4546875 0.12361111111111112 0.021875 0.12361111111111112
0 0.4296875 0.12916666666666668 0.028125 0.11944444444444445
0 0.1234375 0.09027777777777778 0.03359375 0.1111111111111111
0 0.47578125 0.14027777777777778 0.02421875 0.12083333333333333
0 0.9828125 0.725 0.03515625 0.1111111111111111
0 0.57890625 0.09166666666666666 0.0234375 0.1
0 0.85 0.06666666666666667 0.02421875 0.10555555555555556
0 0.8859375 0.044444444444444446 0.02890625 0.06805555555555555
