0 0.2078125 0.5416666666666666 0.05859375 0.16666666666666666
0 0.040625 0.8152777777777778 0.04921875 0.15833333333333333
0 0.3109375 0.2833333333333333 0.03359375 0.19444444444444445
0 0.15390625 0.4861111111111111 0.0375 0.16111111111111112
0 0.409375 0.4930555555555556 0.03828125 0.15138888888888888
0 0.38359375 0.2916666666666667 0.02890625 0.14027777777777778
0 0.73671875 0.058333333333333334 0.02734375 0.11666666666666667
0 0.19375 0.06666666666666667 0.034375 0.13472222222222222
0 0.68125 0.059722222222222225 0.03828125 0.10694444444444444
0 0.121875 0.09444444444444444 0.0375 0.1125
0 0.3890625 0.05277777777777778 0.028125 0.10555555555555556
0 0.57890625 0.0875 0.0234375 0.09583333333333334
0 0.84921875 0.06666666666666667 0.02265625 0.10555555555555556
0 0.9828125 0.7305555555555555 0.03515625 0.10416666666666667
0 0.884375 0.043055555555555555 0.028125 0.06944444444444445
0 0.48125 0.04027777777777778 0.01796875 0.08055555555555556
0 0.8328125 0.07916666666666666 0.02109375 0.0763888888888889
0 0.95625 0.02638888888888889 0.01796875 0.05277777777777778
0 0.08828125 0.027777777777777776 0.02421875 0.05555555555555555
0 0.584375 0.6069444444444444 0.11953125 0.24444444444444444
