0 0.43 0.112 0.152 0.198
0 0.594 0.462 0.15 0.172
0 0.284 0.914 0.096 0.144
0 0.43 0.862 0.136 0.128
0 0.858 0.546 0.11 0.114
0 0.764 0.79 0.096 0.174
0 0.716 0.258 0.104 0.1
0 0.144 0.498 0.128 0.122
0 0.568 0.92 0.072 0.13
0 0.242 0.32 0.126 0.164
0 0.192 0.82 0.09 0.162
0 0.608 0.228 0.112 0.104
0 0.722 0.588 0.068 0.118
0 0.054 0.84 0.056 0.126
0 0.366 0.686 0.058 0.126
0 0.664 0.064 0.084 0.1
0 0.772 0.398 0.064 0.106
0 0.564 0.654 0.066 0.148
0 0.454 0.258 0.09 0.058
0 0.908 0.568 0.072 0.084
0 0.862 0.87 0.062 0.136
0 0.234 0.114 0.036 0.118
0 0.096 0.264 0.034 0.114
0 0.494 0.31 0.066 0.046
0 0.84 0.222 0.054 0.052
0 0.668 0.728 0.058 0.064
0 0.43 0.494 0.046 0.05
0 0.18 0.144 0.048 0.05
0 0.472 0.902 0.016 0.096
0 0.448 0.458 0.038 0.036
0 0.696 0.398 0.034 0.056
0 0.864 0.524 0.01 0.022
0 0.422 0.298 0.012 0.012
0 0.454 0.302 0.014 0.01
0 0.656 0.732 0.01 0.012
