0 0.7265625 0.6515625 0.0734375 0.19375
0 0.734375 0.4140625 0.0765625 0.1609375
0 0.4546875 0.215625 0.159375 0.0734375
0 0.1765625 0.665625 0.06875 0.20625
0 0.3296875 0.6734375 0.096875 0.190625
0 0.075 0.6484375 0.0703125 0.146875
0 0.2265625 0.428125 0.078125 0.1234375
0 0.240625 0.19375 0.0921875 0.1671875
0 0.6 0.425 0.084375 0.09375
0 0.4265625 0.4 0.0625 0.146875
0 0.065625 0.2671875 0.065625 0.134375
0 0.715625 0.09375 0.1296875 0.059375
0 0.646875 0.2484375 0.109375 0.065625
0 0.4703125 0.6765625 0.0515625 0.1296875
0 0.596875 0.6234375 0.059375 0.1125
0 0.0625 0.45 0.0296875 0.096875
0 0.06875 0.6609375 0.0171875 0.0515625
