0 0.43 0.116 0.15 0.206
0 0.594 0.484 0.15 0.18
0 0.432 0.9 0.134 0.132
0 0.852 0.106 0.11 0.114
0 0.762 0.826 0.094 0.184
0 0.37 0.558 0.108 0.106
0 0.148 0.522 0.128 0.134
0 0.288 0.932 0.096 0.106
0 0.712 0.27 0.102 0.106
0 0.45 0.358 0.114 0.104
0 0.244 0.334 0.126 0.172
0 0.87 0.564 0.1 0.09
0 0.606 0.238 0.112 0.108
0 0.06 0.88 0.056 0.132
0 0.72 0.616 0.066 0.124
0 0.37 0.718 0.056 0.13
0 0.28 0.63 0.1 0.106
0 0.66 0.066 0.082 0.104
0 0.768 0.416 0.064 0.11
0 0.566 0.682 0.066 0.158
0 0.198 0.82 0.088 0.092
0 0.402 0.48 0.074 0.088
0 0.092 0.072 0.09 0.058
0 0.9 0.128 0.07 0.084
0 0.86 0.908 0.06 0.144
0 0.562 0.94 0.056 0.092
0 0.236 0.116 0.036 0.126
0 0.1 0.278 0.032 0.128
0 0.832 0.678 0.05 0.074
0 0.836 0.232 0.056 0.058
0 0.67 0.76 0.056 0.07
0 0.134 0.124 0.064 0.046
0 0.228 0.874 0.024 0.134
0 0.886 0.678 0.036 0.052
0 0.474 0.94 0.014 0.09
0 0.694 0.414 0.034 0.064
0 0.43 0.602 0.022 0.056
0 0.438 0.508 0.018 0.012
0 0.414 0.53 0.01 0.022
0 0.482 0.888 0.008 0.02
0 0.418 0.548 0.008 0.02
0 0.39 0.506 0.016 0.014
0 0.858 0.082 0.008 0.018
0 0.06 0.112 0.012 0.012
0 0.27 0.38 0.018 0.028
0 0.092 0.116 0.014 0.01
0 0.058 0.842 0.008 0.014
0 0.88 0.094 0.01 0.012
