0 0.671875 0.4015625 0.09375 0.2375
0 0.6125 0.0984375 0.1328125 0.1015625
0 0.6859375 0.7265625 0.0765625 0.109375
0 0.34375 0.3765625 0.1203125 0.05
0 0.5796875 0.2546875 0.0625 0.1671875
0 0.434375 0.559375 0.0890625 0.1046875
0 0.403125 0.265625 0.1046875 0.0546875
0 0.2390625 0.275 0.0640625 0.1046875
0 0.315625 0.1796875 0.084375 0.0703125
0 0.4609375 0.415625 0.0453125 0.1109375
0 0.0828125 0.234375 0.0703125 0.0703125
0 0.0515625 0.503125 0.0375 0.121875
0 0.0859375 0.3359375 0.06875 0.078125
0 0.3078125 0.0515625 0.0703125 0.0640625
0 0.2203125 0.478125 0.0546875 0.0890625
0 0.071875 0.1390625 0.0296875 0.1125
0 0.5203125 0.7203125 0.0359375 0.1203125
0 0.5578125 0.528125 0.078125 0.053125
0 0.453125 0.0953125 0.075 0.04375
0 0.1125 0.478125 0.059375 0.0453125
0 0.3359375 0.734375 0.0453125 0.0921875
0 0.2265625 0.7046875 0.0328125 0.08125
0 0.18125 0.09375 0.0265625 0.0984375
0 0.1234375 0.64375 0.05625 0.0625
0 0.659375 0.5734375 0.0265625 0.125
0 0.378125 0.746875 0.0375 0.0671875
0 0.090625 0.053125 0.05 0.0578125
0 0.3390625 0.596875 0.021875 0.075
0 0.55 0.5734375 0.046875 0.0546875
0 0.6171875 0.7296875 0.0234375 0.0546875
0 0.7046875 0.171875 0.0390625 0.0375
0 0.2953125 0.49375 0.0359375 0.0421875
0 0.3234375 0.421875 0.0328125 0.0703125
0 0.2015625 0.4171875 0.0171875 0.046875
0 0.5015625 0.3265625 0.021875 0.0328125
0 0.359375 0.7171875 0.0125 0.0390625
0 0.0640625 0.4328125 0.0171875 0.028125
