0 0.54375 0.2609375 0.1546875 0.15625
0 0.6828125 0.6703125 0.1390625 0.1
0 0.353125 0.571875 0.115625 0.128125
0 0.7015625 0.16875 0.1 0.1
0 0.6546875 0.4109375 0.128125 0.1171875
0 0.309375 0.2328125 0.115625 0.140625
0 0.2203125 0.546875 0.1046875 0.0859375
0 0.45625 0.6984375 0.0890625 0.0484375
0 0.2375 0.253125 0.0359375 0.171875
0 0.365625 0.4359375 0.075 0.0484375
0 0.1140625 0.640625 0.0515625 0.1109375
0 0.5828125 0.59375 0.0125 0.0421875
0 0.7140625 0.684375 0.0328125 0.0203125
0 0.2828125 0.2625 0.03125 0.0109375
