0 0.44375 0.159375 0.1546875 0.1703125
0 0.1453125 0.1015625 0.1765625 0.0921875
0 0.7046875 0.6140625 0.128125 0.14375
0 0.6640625 0.1109375 0.1890625 0.071875
0 0.1828125 0.2609375 0.1453125 0.0875
0 0.109375 0.7078125 0.1609375 0.06875
0 0.2234375 0.50625 0.1515625 0.065625
0 0.6984375 0.390625 0.1578125 0.0515625
0 0.7140625 0.25 0.121875 0.05625
0 0.4703125 0.434375 0.159375 0.1046875
0 0.51875 0.6625 0.1203125 0.053125
0 0.2953125 0.6859375 0.13125 0.065625
0 0.775 0.69375 0.0125 0.0703125
0 0.1640625 0.7125 0.0203125 0.01875
