0 0.5016339869281046 0.13107822410147993 0.11764705882352941 0.15644820295983086
0 0.5016339869281046 0.8900634249471459 0.13725490196078433 0.14587737843551796
0 0.7450980392156863 0.642706131078224 0.11274509803921569 0.14376321353065538
0 0.880718954248366 0.13530655391120508 0.09477124183006536 0.1522198731501057
0 0.3235294117647059 0.3890063424947146 0.09803921568627451 0.14587737843551796
0 0.5049019607843137 0.6405919661733616 0.09477124183006536 0.14587737843551796
0 0.6911764705882353 0.13107822410147993 0.08006535947712418 0.1543340380549683
0 0.15359477124183007 0.386892177589852 0.08823529411764706 0.13953488372093023
0 0.16013071895424835 0.1331923890063425 0.09803921568627451 0.1331923890063425
0 0.31699346405228757 0.8900634249471459 0.1111111111111111 0.15010570824524314
0 0.880718954248366 0.6363636363636364 0.08660130718954248 0.15856236786469344
0 0.12581699346405228 0.638477801268499 0.10457516339869281 0.13530655391120508
0 0.6944444444444444 0.8921775898520085 0.11437908496732026 0.13742071881606766
0 0.6944444444444444 0.3890063424947146 0.09803921568627451 0.13742071881606766
0 0.5424836601307189 0.38266384778012685 0.08006535947712418 0.1331923890063425
0 0.1568627450980392 0.8816067653276956 0.07516339869281045 0.1522198731501057
0 0.32189542483660133 0.12050739957716702 0.07679738562091504 0.13107822410147993
0 0.9166666666666666 0.386892177589852 0.07026143790849673 0.1416490486257928
0 0.9166666666666666 0.8816067653276956 0.07679738562091504 0.1416490486257928
0 0.6405228758169934 0.6701902748414377 0.08660130718954248 0.08879492600422834
0 0.3431372549019608 0.627906976744186 0.0457516339869281 0.1416490486257928
0 0.0718954248366013 0.1649048625792812 0.07352941176470588 0.07399577167019028
0 0.07516339869281045 0.4143763213530655 0.06045751633986928 0.0824524312896406
0 0.8480392156862745 0.42071881606765327 0.06535947712418301 0.0824524312896406
0 0.4624183006535948 0.41014799154334036 0.07516339869281045 0.07188160676532769
0 0.08169934640522876 0.9260042283298098 0.06699346405228758 0.07188160676532769
0 0.2908496732026144 0.6553911205073996 0.05555555555555555 0.10359408033826638
0 0.8398692810457516 0.904862579281184 0.058823529411764705 0.09725158562367865
