0 0.22604166666666667 0.31347517730496455 0.053125 0.07801418439716312
0 0.20520833333333333 0.21560283687943263 0.040625 0.12624113475177304
0 0.09791666666666667 0.18014184397163122 0.05520833333333333 0.08368794326241134
0 0.153125 0.07801418439716312 0.036458333333333336 0.10070921985815603
0 0.33541666666666664 0.2765957446808511 0.046875 0.07659574468085106
0 0.27395833333333336 0.07234042553191489 0.03125 0.11205673758865248
0 0.12708333333333333 0.2851063829787234 0.046875 0.06808510638297872
0 0.390625 0.062411347517730496 0.05520833333333333 0.07234042553191489
0 0.45 0.22836879432624113 0.051041666666666666 0.07092198581560284
0 0.421875 0.15177304964539007 0.06770833333333333 0.07375886524822695
0 0.041666666666666664 0.18156028368794327 0.03229166666666667 0.12056737588652482
0 0.44895833333333335 0.05531914893617021 0.05 0.06808510638297872
0 0.059375 0.05531914893617021 0.059375 0.07659574468085106
0 0.196875 0.08794326241134752 0.028125 0.1276595744680851
0 0.44479166666666664 0.4666666666666667 0.03958333333333333 0.05815602836879433
0 0.40520833333333334 0.32340425531914896 0.03854166666666667 0.07234042553191489
0 0.2375 0.08226950354609928 0.021875 0.12340425531914893
0 0.559375 0.425531914893617 0.03229166666666667 0.09078014184397164
0 0.15833333333333333 0.18581560283687942 0.05 0.07092198581560284
0 0.253125 0.21134751773049645 0.030208333333333334 0.11063829787234042
0 0.32708333333333334 0.09645390070921986 0.051041666666666666 0.10921985815602837
0 0.434375 0.5702127659574469 0.030208333333333334 0.09787234042553192
0 0.5572916666666666 0.23829787234042554 0.034375 0.07801418439716312
0 0.5010416666666667 0.05815602836879433 0.04375 0.07801418439716312
0 0.058333333333333334 0.2978723404255319 0.05 0.062411347517730496
0 0.15729166666666666 0.32340425531914896 0.05 0.06099290780141844
0 0.365625 0.5829787234042553 0.06354166666666666 0.0524822695035461
0 0.53125 0.4978723404255319 0.040625 0.06099290780141844
0 0.4875 0.13900709219858157 0.05 0.06524822695035461
0 0.5291666666666667 0.5758865248226951 0.028125 0.09078014184397164
0 0.5802083333333333 0.5886524822695035 0.042708333333333334 0.08085106382978724
0 0.59375 0.20709219858156028 0.029166666666666667 0.07092198581560284
0 0.46458333333333335 0.39574468085106385 0.035416666666666666 0.05390070921985816
0 0.27708333333333335 0.3943262411347518 0.05625 0.10354609929078014
0 0.49166666666666664 0.3333333333333333 0.027083333333333334 0.06808510638297872
0 0.10208333333333333 0.09361702127659574 0.04479166666666667 0.10354609929078014
0 0.48333333333333334 0.5872340425531914 0.03854166666666667 0.059574468085106386
0 0.48541666666666666 0.502127659574468 0.022916666666666665 0.08085106382978724
0 0.39791666666666664 0.24113475177304963 0.026041666666666668 0.10638297872340426
0 0.5989583333333334 0.43120567375886526 0.015625 0.10070921985815603
0 0.290625 0.31063829787234043 0.03229166666666667 0.08936170212765958
0 0.16770833333333332 0.3943262411347518 0.0375 0.04822695035460993
0 0.14375 0.42127659574468085 0.051041666666666666 0.08226950354609928
0 0.3 0.21134751773049645 0.025 0.09645390070921986
0 0.15104166666666666 0.2170212765957447 0.041666666666666664 0.03971631205673759
0 0.10520833333333333 0.5432624113475177 0.030208333333333334 0.05815602836879433
0 0.38333333333333336 0.24964539007092199 0.020833333333333332 0.05390070921985816
0 0.29270833333333335 0.5234042553191489 0.019791666666666666 0.032624113475177303
0 0.278125 0.5432624113475177 0.01875 0.02695035460992908
0 0.5510416666666667 0.03546099290780142 0.014583333333333334 0.04113475177304964
0 0.27395833333333336 0.577304964539007 0.022916666666666665 0.02553191489361702
0 0.034375 0.47375886524822697 0.023958333333333335 0.06099290780141844
0 0.30416666666666664 0.5517730496453901 0.021875 0.02553191489361702
0 0.5072916666666667 0.2765957446808511 0.04375 0.02553191489361702
0 0.5052083333333334 0.2553191489361702 0.04895833333333333 0.01702127659574468
0 0.30625 0.5801418439716312 0.020833333333333332 0.02553191489361702
0 0.503125 0.23829787234042554 0.040625 0.029787234042553193
0 0.315625 0.04539007092198582 0.021875 0.04680851063829787
0 0.22708333333333333 0.5702127659574469 0.036458333333333336 0.04397163120567376
0 0.5 0.22127659574468084 0.035416666666666666 0.029787234042553193
0 0.14375 0.39858156028368796 0.017708333333333333 0.05390070921985816
0 0.057291666666666664 0.4269503546099291 0.021875 0.04397163120567376
0 0.11458333333333333 0.5702127659574469 0.028125 0.032624113475177303
0 0.540625 0.15460992907801419 0.040625 0.024113475177304965
0 0.16770833333333332 0.4269503546099291 0.0375 0.01276595744680851
0 0.034375 0.43829787234042555 0.010416666666666666 0.05390070921985816
0 0.23125 0.5588652482269504 0.034375 0.029787234042553193
0 0.22916666666666666 0.5361702127659574 0.042708333333333334 0.032624113475177303
0 0.5385416666666667 0.31347517730496455 0.009375 0.062411347517730496
0 0.35520833333333335 0.19148936170212766 0.022916666666666665 0.08368794326241134
0 0.5416666666666666 0.05531914893617021 0.025 0.019858156028368795
0 0.5416666666666666 0.14184397163120568 0.035416666666666666 0.02553191489361702
0 0.5416666666666666 0.1702127659574468 0.03854166666666667 0.018439716312056736
0 0.0875 0.550354609929078 0.020833333333333332 0.05106382978723404
0 0.15520833333333334 0.5304964539007092 0.019791666666666666 0.04539007092198582
0 0.08854166666666667 0.5858156028368794 0.017708333333333333 0.04680851063829787
0 0.05625 0.4595744680851064 0.017708333333333333 0.03829787234042553
0 0.5375 0.1276595744680851 0.03229166666666667 0.02695035460992908
0 0.04895833333333333 0.3900709219858156 0.011458333333333333 0.05106382978723404
0 0.29375 0.21560283687943263 0.0125 0.03546099290780142
0 0.1125 0.5205673758865248 0.016666666666666666 0.0425531914893617
0 0.15104166666666666 0.5531914893617021 0.015625 0.04397163120567376
0 0.3260416666666667 0.49645390070921985 0.021875 0.03687943262411347
0 0.203125 0.39290780141843973 0.011458333333333333 0.03687943262411347
0 0.21875 0.4198581560283688 0.019791666666666666 0.019858156028368795
0 0.5666666666666667 0.04822695035460993 0.022916666666666665 0.018439716312056736
0 0.13229166666666667 0.4368794326241135 0.03125 0.011347517730496455
0 0.184375 0.5347517730496454 0.022916666666666665 0.024113475177304965
0 0.11979166666666667 0.03546099290780142 0.022916666666666665 0.02127659574468085
0 0.5635416666666667 0.06666666666666667 0.019791666666666666 0.018439716312056736
0 0.18229166666666666 0.5134751773049645 0.026041666666666668 0.019858156028368795
0 0.21875 0.5148936170212766 0.019791666666666666 0.04822695035460993
0 0.196875 0.42411347517730497 0.011458333333333333 0.029787234042553193
0 0.24791666666666667 0.47801418439716314 0.021875 0.029787234042553193
0 0.17083333333333334 0.500709219858156 0.008333333333333333 0.0425531914893617
0 0.346875 0.475177304964539 0.016666666666666666 0.04113475177304964
0 0.040625 0.41134751773049644 0.007291666666666667 0.04822695035460993
0 0.528125 0.33900709219858155 0.010416666666666666 0.05106382978723404
0 0.546875 0.07234042553191489 0.013541666666666667 0.024113475177304965
0 0.16041666666666668 0.5092198581560283 0.010416666666666666 0.03829787234042553
0 0.3260416666666667 0.37446808510638296 0.020833333333333332 0.02553191489361702
0 0.36666666666666664 0.3900709219858156 0.036458333333333336 0.018439716312056736
0 0.5458333333333333 0.3574468085106383 0.015625 0.032624113475177303
0 0.3645833333333333 0.1347517730496454 0.029166666666666667 0.032624113475177303
0 0.18020833333333333 0.5531914893617021 0.027083333333333334 0.01276595744680851
0 0.578125 0.2978723404255319 0.011458333333333333 0.03404255319148936
0 0.33541666666666664 0.3574468085106383 0.0125 0.04397163120567376
0 0.05416666666666667 0.40709219858156026 0.013541666666666667 0.03546099290780142
0 0.24479166666666666 0.524822695035461 0.03229166666666667 0.015602836879432624
0 0.14895833333333333 0.574468085106383 0.021875 0.02269503546099291
0 0.32395833333333335 0.4524822695035461 0.014583333333333334 0.029787234042553193
0 0.22708333333333333 0.3943262411347518 0.019791666666666666 0.014184397163120567
0 0.5729166666666666 0.3347517730496454 0.022916666666666665 0.011347517730496455
0 0.21145833333333333 0.4524822695035461 0.013541666666666667 0.024113475177304965
0 0.5979166666666667 0.32056737588652484 0.016666666666666666 0.02127659574468085
0 0.603125 0.33191489361702126 0.020833333333333332 0.015602836879432624
0 0.32708333333333334 0.41418439716312055 0.023958333333333335 0.019858156028368795
0 0.49583333333333335 0.2028368794326241 0.010416666666666666 0.032624113475177303
0 0.23229166666666667 0.37446808510638296 0.017708333333333333 0.014184397163120567
0 0.22916666666666666 0.48936170212765956 0.010416666666666666 0.03829787234042553
0 0.17604166666666668 0.574468085106383 0.01875 0.02127659574468085
0 0.35104166666666664 0.5191489361702127 0.021875 0.02553191489361702
0 0.359375 0.3971631205673759 0.025 0.01276595744680851
0 0.3489583333333333 0.4907801418439716 0.020833333333333332 0.02553191489361702
0 0.5416666666666666 0.11063829787234042 0.008333333333333333 0.028368794326241134
0 0.5927083333333333 0.31063829787234043 0.013541666666666667 0.02553191489361702
0 0.3260416666666667 0.475177304964539 0.01875 0.02553191489361702
0 0.33958333333333335 0.4595744680851064 0.010416666666666666 0.032624113475177303
0 0.2875 0.43829787234042555 0.022916666666666665 0.03829787234042553
0 0.328125 0.5205673758865248 0.01875 0.02695035460992908
0 0.3625 0.37446808510638296 0.027083333333333334 0.00851063829787234
0 0.5333333333333333 0.12056737588652482 0.015625 0.019858156028368795
0 0.32395833333333335 0.39290780141843973 0.025 0.01276595744680851
0 0.5041666666666667 0.21134751773049645 0.009375 0.029787234042553193
0 0.284375 0.451063829787234 0.028125 0.032624113475177303
0 0.24895833333333334 0.49929078014184397 0.026041666666666668 0.014184397163120567
0 0.225 0.49929078014184397 0.014583333333333334 0.031205673758865248
0 0.2875 0.46099290780141844 0.023958333333333335 0.029787234042553193
0 0.057291666666666664 0.4879432624113475 0.011458333333333333 0.02553191489361702
0 0.35625 0.4127659574468085 0.023958333333333335 0.01702127659574468
0 0.34791666666666665 0.5078014184397163 0.014583333333333334 0.02553191489361702
0 0.3572916666666667 0.3432624113475177 0.015625 0.024113475177304965
0 0.36770833333333336 0.1475177304964539 0.026041666666666668 0.00851063829787234
0 0.16354166666666667 0.601418439716312 0.008333333333333333 0.04539007092198582
0 0.24166666666666667 0.5134751773049645 0.01875 0.01702127659574468
0 0.3625 0.35319148936170214 0.022916666666666665 0.01276595744680851
0 0.33958333333333335 0.09645390070921986 0.016666666666666666 0.029787234042553193
0 0.3625 0.1673758865248227 0.023958333333333335 0.01276595744680851
0 0.590625 0.5375886524822695 0.011458333333333333 0.024113475177304965
0 0.19270833333333334 0.04964539007092199 0.009375 0.02695035460992908
