0 0.9375 0.9984375 0.109375 0.4234375
0 0.33229166666666665 1.2265625 0.15833333333333333 0.3765625
0 0.5291666666666667 0.59375 0.07916666666666666 0.290625
0 0.6989583333333333 0.3078125 0.059375 0.3390625
0 0.7958333333333333 1.275 0.08229166666666667 0.2484375
0 0.8875 0.4046875 0.06770833333333333 0.4265625
0 1.2666666666666666 1.2390625 0.11354166666666667 0.2390625
0 0.9541666666666667 0.45 0.07291666666666667 0.325
0 0.34375 0.29375 0.084375 0.1796875
0 0.3416666666666667 0.71875 0.13229166666666667 0.0921875
0 1.1645833333333333 0.5828125 0.11041666666666666 0.240625
0 0.721875 0.8421875 0.084375 0.221875
0 1.08125 0.9296875 0.06770833333333333 0.209375
0 1.3208333333333333 0.515625 0.13333333333333333 0.21875
0 0.321875 0.825 0.1375 0.1234375
0 1.2927083333333333 0.684375 0.11875 0.090625
0 0.33958333333333335 0.996875 0.10104166666666667 0.0984375
0 1.1864583333333334 0.39375 0.06354166666666666 0.265625
0 0.20833333333333334 0.5671875 0.15104166666666666 0.1
0 0.34375 0.6046875 0.09375 0.06875
0 0.3541666666666667 0.4171875 0.10416666666666667 0.0875
0 1.0854166666666667 1.284375 0.040625 0.196875
0 1.071875 1.1265625 0.042708333333333334 0.1125
0 1.3489583333333333 0.4265625 0.058333333333333334 0.1046875
0 0.3541666666666667 0.4421875 0.10104166666666667 0.075
0 1.1177083333333333 1.1359375 0.040625 0.109375
0 0.6739583333333333 1.2015625 0.057291666666666664 0.0828125
0 1.0760416666666666 0.48125 0.06354166666666666 0.090625
0 0.7 0.7671875 0.046875 0.0734375
0 1.1125 0.55 0.04895833333333333 0.0734375
0 1.2489583333333334 0.55 0.065625 0.0921875
0 0.8458333333333333 1.3171875 0.034375 0.06875
0 0.5833333333333334 1.2 0.030208333333333334 0.0734375
0 0.22395833333333334 0.434375 0.03958333333333333 0.05625
0 0.753125 0.4328125 0.04583333333333333 0.1
0 1.240625 0.3203125 0.04375 0.10625
0 1.10625 1.3265625 0.017708333333333333 0.1234375
0 0.22291666666666668 0.8796875 0.06041666666666667 0.0296875
0 0.8510416666666667 1.3796875 0.036458333333333336 0.0375
0 0.8614583333333333 1.3640625 0.04895833333333333 0.04375
0 0.8697916666666666 1.25 0.0375 0.0359375
0 1.2083333333333333 0.371875 0.019791666666666666 0.065625
0 1.275 1.0953125 0.019791666666666666 0.103125
0 1.3229166666666667 0.5828125 0.0625 0.0359375
0 0.153125 0.5140625 0.040625 0.0390625
0 1.303125 1.125 0.034375 0.09375
0 0.5416666666666666 0.534375 0.023958333333333335 0.053125
0 0.18958333333333333 0.98125 0.029166666666666667 0.04375
0 0.23958333333333334 0.73125 0.042708333333333334 0.034375
0 0.284375 0.8328125 0.034375 0.0734375
0 0.28020833333333334 0.9953125 0.01875 0.096875
0 0.746875 0.2046875 0.022916666666666665 0.0609375
0 1.2375 1.225 0.03125 0.053125
