0 0.314 0.858 0.148 0.246
0 0.126 0.808 0.128 0.11
0 0.126 0.204 0.17 0.112
0 0.176 0.514 0.164 0.13
0 0.566 0.248 0.132 0.216
0 0.614 0.678 0.142 0.15
0 0.366 0.428 0.16 0.106
0 0.702 0.302 0.126 0.086
0 0.922 0.58 0.052 0.146
0 0.806 0.904 0.09 0.108
0 0.408 0.152 0.108 0.054
0 0.494 0.846 0.116 0.116
0 0.884 0.922 0.048 0.092
0 0.882 0.138 0.108 0.108
0 0.534 0.45 0.09 0.05
0 0.778 0.492 0.068 0.05
0 0.702 0.628 0.046 0.118
0 0.256 0.286 0.014 0.05
0 0.644 0.646 0.046 0.016
0 0.712 0.724 0.016 0.058
0 0.542 0.198 0.032 0.038
