0 0.8151041666666666 0.44375 0.06354166666666666 0.184375
0 0.6515625 0.62734375 0.06770833333333333 0.1578125
0 0.35885416666666664 0.25390625 0.06145833333333333 0.1453125
0 0.409375 0.38359375 0.05625 0.1421875
0 0.675 0.35703125 0.06875 0.1421875
0 0.5598958333333334 0.2953125 0.057291666666666664 0.134375
0 0.7984375 0.71796875 0.06354166666666666 0.1171875
0 0.6020833333333333 0.60546875 0.05416666666666667 0.1390625
0 0.2234375 0.30859375 0.059375 0.0984375
0 0.8640625 0.68828125 0.06354166666666666 0.1171875
0 0.1265625 0.55 0.05520833333333333 0.1125
0 0.5984375 0.8921875 0.05520833333333333 0.115625
0 0.5223958333333333 0.41328125 0.05520833333333333 0.1109375
0 0.6885416666666667 0.50390625 0.05625 0.0890625
0 0.26458333333333334 0.7953125 0.052083333333333336 0.1375
0 0.9109375 0.20859375 0.065625 0.1328125
0 0.25677083333333334 0.43515625 0.051041666666666666 0.1046875
0 0.2760416666666667 0.5015625 0.06041666666666667 0.1375
0 0.22135416666666666 0.57890625 0.06354166666666666 0.1203125
0 0.2234375 0.64140625 0.059375 0.1046875
0 0.20885416666666667 0.66953125 0.053125 0.1109375
0 0.2864583333333333 0.71875 0.05625 0.115625
