0 0.62475 0.6393312101910829 0.12925 0.26910828025477707
0 0.68425 0.25636942675159236 0.054 0.11464968152866242
0 0.406 0.6269904458598726 0.04775 0.09792993630573249
0 0.8645 0.6982484076433121 0.048 0.08121019108280254
0 0.0325 0.9315286624203821 0.03225 0.06329617834394904
0 0.07425 0.8869426751592356 0.03225 0.059713375796178345
0 0.49675 0.7794585987261147 0.0335 0.054538216560509556
0 0.17125 0.8558917197452229 0.03 0.054538216560509556
0 0.3035 0.8097133757961783 0.028 0.05493630573248408
0 0.932 0.2340764331210191 0.13325 0.3288216560509554
0 0.45825 0.14012738853503184 0.046 0.09156050955414012
0 0.24425 0.2870222929936306 0.2115 0.43511146496815284
0 0.1135 0.6556528662420382 0.0895 0.1660031847133758
0 0.1895 0.6102707006369427 0.054 0.10828025477707007
0 0.15825 0.5867834394904459 0.0375 0.08479299363057324
