0 0.5009164222873901 0.7901982378854625 1.002016129032258 0.4223568281938326
0 0.5863269794721407 0.6657488986784141 0.0687316715542522 0.12389867841409692
0 0.6420454545454546 0.6365638766519823 0.0531524926686217 0.053138766519823785
0 0.17906891495601174 0.7673458149779736 0.027126099706744868 0.07681718061674009
0 0.5113636363636364 0.07268722466960352 0.024926686217008796 0.07654185022026432
0 0.4409824046920821 0.6679515418502202 0.03225806451612903 0.05644273127753304
0 0.7534824046920822 0.7601872246696035 0.05736803519061583 0.053138766519823785
0 0.8966275659824047 0.9691629955947136 0.035373900293255135 0.036068281938325994
0 0.5436217008797654 0.6406938325991189 0.027126099706744868 0.02643171806167401
0 0.40249266862170086 0.7736784140969163 0.04270527859237536 0.017070484581497798
0 0.8680351906158358 0.829295154185022 0.028042521994134897 0.028083700440528634
0 0.8909457478005866 0.8807819383259912 0.01777859237536657 0.031112334801762113
0 0.6994134897360704 0.8939977973568282 0.011363636363636364 0.06415198237885462
0 0.13526392961876832 0.661068281938326 0.027126099706744868 0.020374449339207047
