0 0.50125 0.7193333333333334 1.00275 0.5638333333333333
0 0.85275 0.5805 0.2805 0.14433333333333334
0 0.143 0.284 0.15 0.08466666666666667
0 0.563 0.67 0.082 0.0985
0 0.63175 0.768 0.06675 0.11933333333333333
0 0.6845 0.12 0.05575 0.0485
0 0.1325 0.7331666666666666 0.079 0.027833333333333335
0 0.0235 0.727 0.047 0.04583333333333333
0 0.406 0.27566666666666667 0.04875 0.043
0 0.4595 0.07216666666666667 0.04725 0.041666666666666664
0 0.8645 0.30683333333333335 0.0485 0.03883333333333333
0 0.3805 0.5366666666666666 0.075 0.07083333333333333
0 0.6235 0.6485 0.053 0.06116666666666667
0 0.0865 0.9581666666666667 0.05975 0.036166666666666666
0 0.463 0.6485 0.03475 0.05
0 0.6095 0.5625 0.06925 0.08333333333333333
0 0.96725 0.684 0.054 0.032
0 0.66775 0.6206666666666667 0.04175 0.04716666666666667
0 0.03875 0.9805 0.07775 0.025
0 0.81775 0.7423333333333333 0.06675 0.026333333333333334
0 0.80475 0.5296666666666666 0.0905 0.020833333333333332
