0 0.4 0.5013888888888889 0.8 1.0027777777777778
0 0.12109375 0.45555555555555555 0.24296875 0.9111111111111111
0 0.02734375 0.0875 0.05546875 0.1763888888888889
0 0.0234375 0.0375 0.046875 0.075
0 0.0109375 0.05694444444444444 0.021875 0.11527777777777778
0 0.0109375 0.05555555555555555 0.021875 0.1125
0 0.01171875 0.05555555555555555 0.0234375 0.1111111111111111
0 0.0109375 0.05277777777777778 0.021875 0.10555555555555556
0 0.021875 0.03333333333333333 0.04453125 0.06805555555555555
0 0.0140625 0.04861111111111111 0.028125 0.09722222222222222
0 0.0078125 0.10416666666666667 0.01640625 0.20833333333333334
0 0.009375 0.06805555555555555 0.01875 0.1361111111111111
0 0.02109375 0.05694444444444444 0.04296875 0.11527777777777778
0 0.00546875 0.05277777777777778 0.01171875 0.10694444444444444
0 0.00625 0.05138888888888889 0.0125 0.10416666666666667
0 0.00546875 0.04861111111111111 0.0109375 0.09861111111111111
0 0.00625 0.04583333333333333 0.01328125 0.09166666666666666
0 0.0046875 0.11527777777777778 0.009375 0.23194444444444445
0 0.00546875 0.12638888888888888 0.0109375 0.25416666666666665
0 0.00703125 0.041666666666666664 0.0140625 0.08333333333333333
0 0.01640625 0.04027777777777778 0.03359375 0.08194444444444444
0 0.003125 0.04583333333333333 0.00703125 0.09305555555555556
0 0.01328125 0.008333333333333333 0.02734375 0.016666666666666666
0 0.003125 0.02638888888888889 0.00625 0.05277777777777778
0 0.00390625 0.03333333333333333 0.0078125 0.06666666666666667
0 0.00390625 0.025 0.0078125 0.05138888888888889
0 0.00625 0.016666666666666666 0.0125 0.03333333333333333
0 0.00625 0.0125 0.01328125 0.02638888888888889
0 0.00390625 0.0125 0.00859375 0.02638888888888889
0 0.00546875 0.015277777777777777 0.0109375 0.03194444444444444
0 0.00390625 0.011111111111111112 0.00859375 0.02361111111111111
0 0.0046875 0.011111111111111112 0.009375 0.02361111111111111
0 0.0046875 0.008333333333333333 0.01015625 0.018055555555555554
0 0.00859375 0.0125 0.01796875 0.02638888888888889
0 0.00390625 0.009722222222222222 0.0078125 0.020833333333333332
0 0.00859375 0.004166666666666667 0.01796875 0.009722222222222222
0 0.00390625 0.015277777777777777 0.00859375 0.03194444444444444
0 0.0015625 0.02361111111111111 0.003125 0.04861111111111111
0 0.00390625 0.006944444444444444 0.0078125 0.013888888888888888
0 0.00546875 0.008333333333333333 0.0109375 0.016666666666666666
0 0.0046875 0.005555555555555556 0.009375 0.0125
0 0.00546875 0.005555555555555556 0.01171875 0.0125
0 0.0046875 0.006944444444444444 0.01015625 0.013888888888888888
0 0.003125 0.009722222222222222 0.00625 0.019444444444444445
0 0.00703125 0.004166666666666667 0.01484375 0.008333333333333333
0 0.0015625 0.029166666666666667 0.003125 0.059722222222222225
0 0.003125 0.008333333333333333 0.00625 0.018055555555555554
0 0.00546875 0.0125 0.0109375 0.025
0 0.0078125 0.005555555555555556 0.015625 0.011111111111111112
0 0.00546875 0.004166666666666667 0.01171875 0.009722222222222222
0 0.0046875 0.009722222222222222 0.009375 0.019444444444444445
