0 0.4 0.5013888888888889 0.8 1.0027777777777778
0 0.11171875 0.45555555555555555 0.22421875 0.9111111111111111
0 0.0328125 0.08194444444444444 0.06640625 0.1638888888888889
0 0.02734375 0.0875 0.05546875 0.1763888888888889
0 0.01796875 0.1736111111111111 0.0359375 0.3486111111111111
0 0.0234375 0.0375 0.046875 0.075
0 0.01015625 0.05694444444444444 0.02109375 0.11388888888888889
0 0.0109375 0.05555555555555555 0.02265625 0.1125
0 0.01171875 0.05555555555555555 0.0234375 0.1111111111111111
0 0.0109375 0.05277777777777778 0.021875 0.10694444444444444
0 0.021875 0.03333333333333333 0.04453125 0.06805555555555555
0 0.0140625 0.05 0.028125 0.1
0 0.0078125 0.10416666666666667 0.015625 0.20833333333333334
0 0.00859375 0.06805555555555555 0.01796875 0.1361111111111111
0 0.0296875 0.02638888888888889 0.059375 0.05277777777777778
0 0.02109375 0.05694444444444444 0.04296875 0.11527777777777778
0 0.00546875 0.05277777777777778 0.01171875 0.10555555555555556
0 0.00625 0.05138888888888889 0.0125 0.10416666666666667
0 0.00546875 0.04861111111111111 0.0109375 0.09861111111111111
0 0.00625 0.04583333333333333 0.01328125 0.09166666666666666
0 0.00546875 0.11805555555555555 0.0109375 0.2361111111111111
0 0.00703125 0.041666666666666664 0.0140625 0.08333333333333333
0 0.015625 0.03888888888888889 0.03125 0.07916666666666666
0 0.003125 0.04583333333333333 0.00703125 0.09166666666666666
0 0.0078125 0.016666666666666666 0.015625 0.034722222222222224
0 0.003125 0.06388888888888888 0.00625 0.12916666666666668
0 0.0140625 0.008333333333333333 0.02890625 0.016666666666666666
0 0.00390625 0.03333333333333333 0.0078125 0.06805555555555555
0 0.003125 0.02638888888888889 0.00625 0.05277777777777778
0 0.003125 0.02638888888888889 0.00703125 0.05277777777777778
0 0.00625 0.016666666666666666 0.0125 0.034722222222222224
0 0.00546875 0.0125 0.01171875 0.025
0 0.00390625 0.0125 0.00859375 0.02638888888888889
0 0.00390625 0.011111111111111112 0.00859375 0.02361111111111111
0 0.00390625 0.011111111111111112 0.00859375 0.02361111111111111
0 0.00390625 0.011111111111111112 0.0078125 0.022222222222222223
0 0.00546875 0.016666666666666666 0.01171875 0.034722222222222224
0 0.00390625 0.009722222222222222 0.0078125 0.020833333333333332
0 0.0046875 0.008333333333333333 0.01015625 0.016666666666666666
0 0.0078125 0.005555555555555556 0.015625 0.011111111111111112
0 0.0046875 0.016666666666666666 0.009375 0.03333333333333333
0 0.00625 0.0125 0.01328125 0.02638888888888889
0 0.0046875 0.005555555555555556 0.01015625 0.0125
0 0.00390625 0.006944444444444444 0.00859375 0.015277777777777777
0 0.00390625 0.008333333333333333 0.0078125 0.018055555555555554
0 0.0046875 0.008333333333333333 0.009375 0.016666666666666666
0 0.0015625 0.020833333333333332 0.003125 0.041666666666666664
0 0.00859375 0.004166666666666667 0.01796875 0.008333333333333333
0 0.00859375 0.002777777777777778 0.01796875 0.006944444444444444
0 0.0015625 0.029166666666666667 0.003125 0.058333333333333334
0 0.00625 0.005555555555555556 0.0125 0.0125
0 0.0046875 0.0125 0.009375 0.025
0 0.00234375 0.009722222222222222 0.00546875 0.019444444444444445
0 0.00234375 0.016666666666666666 0.0046875 0.03333333333333333
0 0.00390625 0.009722222222222222 0.00859375 0.020833333333333332
0 0.00390625 0.008333333333333333 0.0078125 0.016666666666666666
